0	675	0	0	-9.81	0	0.675	0	0
675	925	0	1131.80186393619	-9.81	32	0.25	0.1099	1
925	1075	0	0	-9.81	0	0.15	0	0
1075	1325	0	1131.80186393619	-9.81	32	0.25	0.1099	1
1325	2000	0	0	-9.81	0	0.675	0	0
2000	2304	1	0	0	0	0.253	0	0
2304	2454	0	0	9.81	0	0.15	0	0
2454	2716	0	3165.64333364787	9.81	281.4	0.262	0.47	3
2716	2978	0	3165.64333364787	9.81	281.4	0.262	0.47	3
2978	4304	0	0	9.81	0	1.326	0	0
4304	4608	1	0	0	0	0.253	0	0
4608	4758	0	0	-9.81	0	0.15	0	0
4758	5020	0	3165.64333364787	-9.81	281.4	0.262	0.47	3
5020	5282	0	3165.64333364787	-9.81	281.4	0.262	0.47	3
5282	5934	0	0	-9.81	0	0.652	0	0
5934	6196	0	3165.64333364787	-9.81	281.4	0.262	0.47	3
6196	6458	0	3165.64333364787	-9.81	281.4	0.262	0.47	3
6458	6608	0	0	-9.81	0	0.15	0	0
6608	6912	1	0	0	0	0.253	0	0
6912	7062	0	0	9.81	0	0.15	0	0
7062	7324	0	3165.64333364787	9.81	281.4	0.262	0.47	3
7324	7586	0	3165.64333364787	9.81	281.4	0.262	0.47	3
7586	8238	0	0	9.81	0	0.652	0	0
8238	8500	0	3165.64333364787	9.81	281.4	0.262	0.47	3
8500	8762	0	3165.64333364787	9.81	281.4	0.262	0.47	3
8762	8912	0	0	9.81	0	0.15	0	0
8912	9216	1	0	0	0	0.253	0	0
9216	9366	0	0	-9.81	0	0.15	0	0
9366	9628	0	3165.64333364787	-9.81	281.4	0.262	0.47	3
9628	9890	0	3165.64333364787	-9.81	281.4	0.262	0.47	3
9890	10056	0	0	-9.81	0	0.166	0	0
10056	10326	0	720.475723570494	-9.81	22	0.27	0.056	1
10326	10376	0	0	-9.81	0	0.05	0	0
10376	10536	0	4697.41984543831	-9.81	85	0.16	0.056	1
10536	10586	0	0	-9.81	0	0.05	0	0
10586	10856	0	720.475723570494	-9.81	22	0.27	0.056	1
10856	10906	0	0	-9.81	0	0.05	0	0
10906	11066	0	4697.41984543831	-9.81	85	0.16	0.056	1
11066	11216	0	0	-9.81	0	0.15	0	0
11216	11520	1	0	0	0	0.253	0	0
11520	13520	0	0	9.81	0	2	0	0
13520	13824	1	0	0	0	0.253	0	0
13824	15474	0	0	-9.81	0	1.65	0	0
15474	15674	0	2942.24273613101	-9.81	133.1	0.2	0.335	2
15674	15824	0	0	-9.81	0	0.15	0	0
15824	16128	1	0	0	0	0.253	0	0
16128	16278	0	0	9.81	0	0.15	0	0
16278	16478	0	2942.24273613101	9.81	133.1	0.2	0.335	2
16478	18128	0	0	9.81	0	1.65	0	0
18128	18432	1	0	0	0	0.253	0	0
18432	20432	0	0	-9.81	0	2	0	0
20432	20736	1	0	0	0	0.253	0	0
20736	22736	0	0	9.81	0	2	0	0
22736	23040	1	0	0	0	0.253	0	0
23040	23190	0	0	-9.81	0	0.15	0	0
23190	23440	0	1131.80186393619	-9.81	32	0.25	0.1099	1
23440	23590	0	0	-9.81	0	0.15	0	0
23590	23840	0	1131.80186393619	-9.81	32	0.25	0.1099	1
23840	24366	0	0	-9.81	0	0.526	0	0
24366	24628	0	3165.64333364787	-9.81	281.4	0.262	0.47	3
24628	24890	0	3165.64333364787	-9.81	281.4	0.262	0.47	3
24890	25040	0	0	-9.81	0	0.15	0	0
25040	25344	1	0	0	0	0.253	0	0
25344	25494	0	0	9.81	0	0.15	0	0
25494	25756	0	3165.64333364787	9.81	281.4	0.262	0.47	3
25756	26018	0	3165.64333364787	9.81	281.4	0.262	0.47	3
26018	26670	0	0	9.81	0	0.652	0	0
26670	26932	0	3165.64333364787	9.81	281.4	0.262	0.47	3
26932	27194	0	3165.64333364787	9.81	281.4	0.262	0.47	3
27194	27344	0	0	9.81	0	0.15	0	0
27344	27648	1	0	0	0	0.253	0	0
27648	27798	0	0	-9.81	0	0.15	0	0
27798	28060	0	3165.64333364787	-9.81	281.4	0.262	0.47	3
28060	28322	0	3165.64333364787	-9.81	281.4	0.262	0.47	3
28322	28974	0	0	-9.81	0	0.652	0	0
28974	29236	0	3165.64333364787	-9.81	281.4	0.262	0.47	3
29236	29498	0	3165.64333364787	-9.81	281.4	0.262	0.47	3
29498	29648	0	0	-9.81	0	0.15	0	0
29648	29952	1	0	0	0	0.253	0	0
29952	31278	0	0	9.81	0	1.326	0	0
31278	31540	0	3165.64333364787	9.81	281.4	0.262	0.47	3
31540	31802	0	3165.64333364787	9.81	281.4	0.262	0.47	3
31802	31952	0	0	9.81	0	0.15	0	0
31952	32256	1	0	0	0	0.253	0	0
32256	33096	0	0	-9.81	0	0.84	0	0
33096	33256	0	4697.41984543831	-9.81	85	0.16	0.056	1
33256	33306	0	0	-9.81	0	0.05	0	0
33306	33576	0	720.475723570494	-9.81	22	0.27	0.056	1
33576	33626	0	0	-9.81	0	0.05	0	0
33626	33786	0	4697.41984543831	-9.81	85	0.16	0.056	1
33786	33836	0	0	-9.81	0	0.05	0	0
33836	34106	0	720.475723570494	-9.81	22	0.27	0.056	1
34106	34256	0	0	-9.81	0	0.15	0	0
34256	34560	1	0	0	0	0.253	0	0
34560	36560	0	0	9.81	0	2	0	0
36560	36864	1	0	0	0	0.253	0	0
36864	38864	0	0	-9.81	0	2	0	0
38864	39168	1	0	0	0	0.253	0	0
39168	41168	0	0	9.81	0	2	0	0
41168	41472	1	0	0	0	0.253	0	0
41472	43472	0	0	-9.81	0	2	0	0
43472	43776	1	0	0	0	0.253	0	0
43776	45776	0	0	9.81	0	2	0	0
45776	46080	1	0	0	0	0.253	0	0
46080	46465	0	0	-9.81	0	0.385	0	0
46465	47005	0	3353.48700425539	-9.81	409.6	0.54	0.1999	2
47005	47155	0	0	-9.81	0	0.15	0	0
47155	47695	0	3353.48700425539	-9.81	409.6	0.54	0.1999	2
47695	48080	0	0	-9.81	0	0.385	0	0
48080	48384	1	0	0	0	0.253	0	0
48384	48769	0	0	9.81	0	0.385	0	0
48769	49309	0	3353.48700425539	9.81	409.6	0.54	0.1999	2
49309	49459	0	0	9.81	0	0.15	0	0
49459	49999	0	3353.48700425539	9.81	409.6	0.54	0.1999	2
49999	50384	0	0	9.81	0	0.385	0	0
